bubbleSort
insertionSort
selectionSort
mergeSort
quickSort
heapSort
std::sort



test1: Random Order
test2: Sorted Ascending
test3: Sorted Decreasing
test4: Sorted Ascendign with 20% of adjacent swaps
test5: Sorted Decreasing with 20% of adjacent swaps
test6: Sorted Ascendign with 20% of random swaps
test7: Sorted Decreasing with 20% of random swaps



data0
100 100
0.00	0.00	0.00	0.00	0.00	0.00	0.00
0.00	0.00	0.00	0.00	0.00	0.00	0.00
0.20	0.00	0.00	0.00	0.00	0.00	0.00
0.00	0.00	0.00	0.00	0.00	0.00	0.00
0.00	0.00	0.00	0.00	0.00	0.00	0.00
0.00	0.00	0.00	0.00	0.00	0.00	0.00
0.00	0.00	0.00	0.00	0.00	0.00	0.00

data1
1000 500
20.60	4.80	6.20	0.00	0.00	0.00	0.00
0.00	0.00	6.20	0.00	0.00	0.00	0.00
23.00	10.00	8.00	0.00	0.00	0.00	0.00
0.00	0.00	6.00	0.00	0.00	0.00	0.00
23.00	10.00	8.00	0.00	0.00	0.00	0.00
16.20	1.60	6.00	0.00	0.00	0.00	0.00
22.00	7.80	6.20	0.00	0.00	0.00	0.00

data2
10000 2000
2087.20	512.40	704.80	4.40	5.00	4.00	2.00
0.00	0.00	699.60	2.00	4.20	3.40	1.00
2365.00	1061.60	852.60	3.20	4.20	3.20	1.00
282.60	0.00	715.00	2.60	4.60	3.60	1.00
2417.00	1039.60	844.40	3.20	4.40	3.20	1.00
1738.80	207.20	706.20	4.00	4.60	4.00	1.00
2267.60	835.60	707.20	4.00	5.00	3.60	2.00

data3
100000 15000
217608.60	54097.80	74662.80	61.60	71.60	58.60	33.40
4.00	4.20	74675.00	33.60	65.20	53.00	17.80
246284.00	108458.20	84249.40	41.20	63.40	50.40	18.00
15.20	4.20	74710.20	32.40	61.20	51.60	17.20
246567.60	108314.00	84113.40	40.40	62.00	48.80	17.60
177476.60	21648.40	74859.40	53.80	68.20	55.60	22.80
234909.00	86583.20	74498.60	56.40	70.40	55.00	29.00

data4
1000000 40000
-nan	-nan	-nan	715.60	883.00	720.40	384.00
-nan	-nan	-nan	362.80	784.00	622.00	185.80
-nan	-nan	-nan	431.80	775.80	594.20	195.00
-nan	-nan	-nan	364.00	763.80	621.80	186.80
-nan	-nan	-nan	433.60	782.00	595.20	194.40
-nan	-nan	-nan	600.40	860.00	687.20	276.40
-nan	-nan	-nan	652.60	913.40	738.60	328.60

data5
5000000 80000
-nan	-nan	-nan	3750.20	5213.60	4404.80	2115.00
-nan	-nan	-nan	1929.20	4765.20	3398.00	1021.60
-nan	-nan	-nan	2550.00	4924.20	3386.80	1076.20
-nan	-nan	-nan	1926.40	5019.20	3401.20	1030.80
-nan	-nan	-nan	2299.40	4746.40	3616.80	1128.00
-nan	-nan	-nan	3291.60	5010.00	4160.20	1513.40
-nan	-nan	-nan	3291.60	5057.80	3960.00	1862.80

data6
10000000 125000
-nan	-nan	-nan	7936.00	11568.20	10649.80	3894.60
-nan	-nan	-nan	4056.80	10549.00	7189.00	2134.40
-nan	-nan	-nan	4834.20	10532.00	7290.40	2288.80
-nan	-nan	-nan	4007.80	10674.20	7120.00	2199.80
-nan	-nan	-nan	4769.20	10743.20	7275.20	2276.20
-nan	-nan	-nan	6902.00	11255.60	8416.80	3074.40
-nan	-nan	-nan	6940.20	11058.40	8375.60	3520.40

data7
100 2000000000
0.00	0.00	0.00	0.00	0.00	0.00	0.00
0.00	0.00	0.00	0.00	0.00	0.00	0.00
0.00	0.00	0.00	0.00	0.00	0.00	0.00
0.00	0.00	0.00	0.00	0.00	0.00	0.00
0.00	0.00	0.00	0.00	0.00	0.00	0.00
0.00	0.00	0.00	0.00	0.00	0.00	0.00
0.00	0.00	0.00	0.00	0.00	0.00	0.00

data8
1000 2000000000
21.20	5.00	7.00	0.00	0.00	0.00	0.00
0.00	0.00	7.00	0.00	0.00	0.00	0.00
24.00	10.00	7.00	0.00	0.00	0.00	0.00
3.00	0.00	7.00	0.00	0.00	0.00	0.00
24.00	10.00	7.00	0.00	0.00	0.00	0.00
17.60	2.00	7.00	0.00	0.00	0.00	0.00
23.00	8.00	7.00	0.00	0.00	0.00	0.00

data9
10000 2000000000
2193.00	534.20	724.60	5.00	5.20	4.00	2.00
0.00	0.00	724.80	2.00	4.40	4.00	1.00
2488.40	1076.20	747.00	3.20	4.80	3.20	1.00
297.80	0.00	755.60	3.00	4.20	4.00	1.00
2442.60	1092.00	786.00	3.00	4.60	3.20	1.20
1757.60	218.80	753.80	4.20	5.20	4.20	1.20
2339.40	873.60	737.00	4.00	5.00	4.00	2.00

data10
100000 2000000000
216869.40	54074.40	74519.20	61.60	73.00	58.80	34.60
4.00	4.00	74625.80	32.40	62.20	51.40	18.40
246823.20	108378.20	74209.20	42.20	65.80	51.60	16.20
59400.80	6.80	74738.40	33.80	62.60	51.00	18.40
246472.60	108446.80	79610.60	41.80	63.80	50.40	20.00
177059.60	21814.40	74606.60	54.00	70.20	59.40	24.80
234363.80	86550.60	74651.80	54.40	67.60	53.00	28.20

data11
1000000 2000000000
-nan	-nan	-nan	698.80	828.60	701.80	391.00
-nan	-nan	-nan	357.00	730.80	619.60	216.80
-nan	-nan	-nan	444.20	744.60	593.80	172.00
-nan	-nan	-nan	376.80	755.80	636.60	222.80
-nan	-nan	-nan	472.80	786.20	629.80	395.20
-nan	-nan	-nan	652.60	847.20	670.60	272.00
-nan	-nan	-nan	617.60	793.20	640.00	336.00

data12
5000000 2000000000
-nan	-nan	-nan	3874.00	4602.00	4413.80	2138.80
-nan	-nan	-nan	1958.80	4197.80	3545.60	1348.20
-nan	-nan	-nan	2461.80	4175.00	3459.40	995.80
-nan	-nan	-nan	1985.40	4125.00	3563.60	1272.00
-nan	-nan	-nan	2433.60	4081.20	3444.60	1100.60
-nan	-nan	-nan	3355.80	4394.40	3891.20	1536.40
-nan	-nan	-nan	3456.60	4472.40	3839.00	1840.20

data13
10000000 2000000000
-nan	-nan	-nan	8115.40	9830.20	10733.40	4247.20
-nan	-nan	-nan	4020.40	8683.40	7488.60	2704.40
-nan	-nan	-nan	5074.60	8514.80	7258.80	2112.40
-nan	-nan	-nan	4027.20	8535.80	7490.40	2591.20
-nan	-nan	-nan	5141.60	8596.60	7290.00	2320.40
-nan	-nan	-nan	6903.60	9170.20	8498.80	3185.40
-nan	-nan	-nan	7127.00	9383.80	8395.80	3720.60

